,2001,2002,2003,2004,2005,2006,2007,2008,2009,2010,2011,2012,2013,2014,2015,2016,2017,2018,2019,2020,2021,2022,2023,2024,2025,2026,2027,2028,2029,2030,2031,2032,2033,2034,2035,2036,2037,2038,2039,2040,2041,2042,2043,2044,2045,2046,2047,2048,2049,2050,2051,2052,2053,2054,2055,2056,2057,2058,2059,2060,2061,2062,2063,2064,2065,2066,2067,2068,2069,2070,2071,2072,2073,2074,2075,2076,2077,2078,2079,2080,2081,2082,2083,2084,2085,2086,2087,2088,2089,2090,2091,2092,2093,2094,2095,2096,2097,2098,2099,2100
1 Nuclear,0.855578370978781,0.855578370978781,0.855578370978781,0.855578370978781,0.855578370978781,0.855578370978781,0.855578370978781,0.855578370978781,0.855578370978781,0.855578370978781,0.855578370978781,0.855578370978781,0.855578370978781,0.855578370978781,0.855578370978781,0.855578370978781,0.855578370978781,0.855578370978781,0.855578370978781,0.855578370978781,0.855578370978781,0.855578370978781,0.855578370978781,0.855578370978781,0.855578370978781,0.855578370978781,0.855578370978781,0.855578370978781,0.855578370978781,0.855578370978781,0.855578370978781,0.855578370978781,0.855578370978781,0.855578370978781,0.855578370978781,0.855578370978781,0.855578370978781,0.855578370978781,0.855578370978781,0.855578370978781,0.855578370978781,0.855578370978781,0.855578370978781,0.855578370978781,0.855578370978781,0.855578370978781,0.855578370978781,0.855578370978781,0.855578370978781,0.855578370978781,0.855578370978781,0.855578370978781,0.855578370978781,0.855578370978781,0.855578370978781,0.855578370978781,0.855578370978781,0.855578370978781,0.855578370978781,0.855578370978781,0.855578370978781,0.855578370978781,0.855578370978781,0.855578370978781,0.855578370978781,0.855578370978781,0.855578370978781,0.855578370978781,0.855578370978781,0.855578370978781,0.855578370978781,0.855578370978781,0.855578370978781,0.855578370978781,0.855578370978781,0.855578370978781,0.855578370978781,0.855578370978781,0.855578370978781,0.855578370978781,0.855578370978781,0.855578370978781,0.855578370978781,0.855578370978781,0.855578370978781,0.855578370978781,0.855578370978781,0.855578370978781,0.855578370978781,0.855578370978781,0.855578370978781,0.855578370978781,0.855578370978781,0.855578370978781,0.855578370978781,0.855578370978781,0.855578370978781,0.855578370978781,0.855578370978781,0.855578370978781
2 Oil,0.565439736706226,0.565439736706226,0.565439736706226,0.565439736706226,0.565439736706226,0.565439736706226,0.565439736706226,0.565439736706226,0.565439736706226,0.565439736706226,0.565439736706226,0.565439736706226,0.565439736706226,0.565439736706226,0.565439736706226,0.565439736706226,0.565439736706226,0.565439736706226,0.565439736706226,0.565439736706226,0.565439736706226,0.565439736706226,0.565439736706226,0.565439736706226,0.565439736706226,0.565439736706226,0.565439736706226,0.565439736706226,0.565439736706226,0.565439736706226,0.565439736706226,0.565439736706226,0.565439736706226,0.565439736706226,0.565439736706226,0.565439736706226,0.565439736706226,0.565439736706226,0.565439736706226,0.565439736706226,0.565439736706226,0.565439736706226,0.565439736706226,0.565439736706226,0.565439736706226,0.565439736706226,0.565439736706226,0.565439736706226,0.565439736706226,0.565439736706226,0.565439736706226,0.565439736706226,0.565439736706226,0.565439736706226,0.565439736706226,0.565439736706226,0.565439736706226,0.565439736706226,0.565439736706226,0.565439736706226,0.565439736706226,0.565439736706226,0.565439736706226,0.565439736706226,0.565439736706226,0.565439736706226,0.565439736706226,0.565439736706226,0.565439736706226,0.565439736706226,0.565439736706226,0.565439736706226,0.565439736706226,0.565439736706226,0.565439736706226,0.565439736706226,0.565439736706226,0.565439736706226,0.565439736706226,0.565439736706226,0.565439736706226,0.565439736706226,0.565439736706226,0.565439736706226,0.565439736706226,0.565439736706226,0.565439736706226,0.565439736706226,0.565439736706226,0.565439736706226,0.565439736706226,0.565439736706226,0.565439736706226,0.565439736706226,0.565439736706226,0.565439736706226,0.565439736706226,0.565439736706226,0.565439736706226,0.565439736706226
3 Coal,0.771880116865287,0.771880116865287,0.771880116865287,0.771880116865287,0.771880116865287,0.771880116865287,0.771880116865287,0.771880116865287,0.771880116865287,0.771880116865287,0.771880116865287,0.771880116865287,0.771880116865287,0.771880116865287,0.771880116865287,0.771880116865287,0.771880116865287,0.771880116865287,0.771880116865287,0.771880116865287,0.771880116865287,0.771880116865287,0.771880116865287,0.771880116865287,0.771880116865287,0.771880116865287,0.771880116865287,0.771880116865287,0.771880116865287,0.771880116865287,0.771880116865287,0.771880116865287,0.771880116865287,0.771880116865287,0.771880116865287,0.771880116865287,0.771880116865287,0.771880116865287,0.771880116865287,0.771880116865287,0.771880116865287,0.771880116865287,0.771880116865287,0.771880116865287,0.771880116865287,0.771880116865287,0.771880116865287,0.771880116865287,0.771880116865287,0.771880116865287,0.771880116865287,0.771880116865287,0.771880116865287,0.771880116865287,0.771880116865287,0.771880116865287,0.771880116865287,0.771880116865287,0.771880116865287,0.771880116865287,0.771880116865287,0.771880116865287,0.771880116865287,0.771880116865287,0.771880116865287,0.771880116865287,0.771880116865287,0.771880116865287,0.771880116865287,0.771880116865287,0.771880116865287,0.771880116865287,0.771880116865287,0.771880116865287,0.771880116865287,0.771880116865287,0.771880116865287,0.771880116865287,0.771880116865287,0.771880116865287,0.771880116865287,0.771880116865287,0.771880116865287,0.771880116865287,0.771880116865287,0.771880116865287,0.771880116865287,0.771880116865287,0.771880116865287,0.771880116865287,0.771880116865287,0.771880116865287,0.771880116865287,0.771880116865287,0.771880116865287,0.771880116865287,0.771880116865287,0.771880116865287,0.771880116865287,0.771880116865287
4 Coal + CCS,0.752119876529518,0.752119876529518,0.752119876529518,0.752119876529518,0.752119876529518,0.752119876529518,0.752119876529518,0.752119876529518,0.752119876529518,0.752119876529518,0.752119876529518,0.752119876529518,0.752119876529518,0.752119876529518,0.752119876529518,0.752119876529518,0.752119876529518,0.752119876529518,0.752119876529518,0.752119876529518,0.752119876529518,0.752119876529518,0.752119876529518,0.752119876529518,0.752119876529518,0.752119876529518,0.752119876529518,0.752119876529518,0.752119876529518,0.752119876529518,0.752119876529518,0.752119876529518,0.752119876529518,0.752119876529518,0.752119876529518,0.752119876529518,0.752119876529518,0.752119876529518,0.752119876529518,0.752119876529518,0.752119876529518,0.752119876529518,0.752119876529518,0.752119876529518,0.752119876529518,0.752119876529518,0.752119876529518,0.752119876529518,0.752119876529518,0.752119876529518,0.752119876529518,0.752119876529518,0.752119876529518,0.752119876529518,0.752119876529518,0.752119876529518,0.752119876529518,0.752119876529518,0.752119876529518,0.752119876529518,0.752119876529518,0.752119876529518,0.752119876529518,0.752119876529518,0.752119876529518,0.752119876529518,0.752119876529518,0.752119876529518,0.752119876529518,0.752119876529518,0.752119876529518,0.752119876529518,0.752119876529518,0.752119876529518,0.752119876529518,0.752119876529518,0.752119876529518,0.752119876529518,0.752119876529518,0.752119876529518,0.752119876529518,0.752119876529518,0.752119876529518,0.752119876529518,0.752119876529518,0.752119876529518,0.752119876529518,0.752119876529518,0.752119876529518,0.752119876529518,0.752119876529518,0.752119876529518,0.752119876529518,0.752119876529518,0.752119876529518,0.752119876529518,0.752119876529518,0.752119876529518,0.752119876529518,0.752119876529518
5 IGCC,0.318632185297014,0.318632185297014,0.318632185297014,0.318632185297014,0.318632185297014,0.318632185297014,0.318632185297014,0.318632185297014,0.318632185297014,0.318632185297014,0.318632185297014,0.318632185297014,0.318632185297014,0.318632185297014,0.318632185297014,0.318632185297014,0.318632185297014,0.318632185297014,0.318632185297014,0.318632185297014,0.318632185297014,0.318632185297014,0.318632185297014,0.318632185297014,0.318632185297014,0.318632185297014,0.318632185297014,0.318632185297014,0.318632185297014,0.318632185297014,0.318632185297014,0.318632185297014,0.318632185297014,0.318632185297014,0.318632185297014,0.318632185297014,0.318632185297014,0.318632185297014,0.318632185297014,0.318632185297014,0.318632185297014,0.318632185297014,0.318632185297014,0.318632185297014,0.318632185297014,0.318632185297014,0.318632185297014,0.318632185297014,0.318632185297014,0.318632185297014,0.318632185297014,0.318632185297014,0.318632185297014,0.318632185297014,0.318632185297014,0.318632185297014,0.318632185297014,0.318632185297014,0.318632185297014,0.318632185297014,0.318632185297014,0.318632185297014,0.318632185297014,0.318632185297014,0.318632185297014,0.318632185297014,0.318632185297014,0.318632185297014,0.318632185297014,0.318632185297014,0.318632185297014,0.318632185297014,0.318632185297014,0.318632185297014,0.318632185297014,0.318632185297014,0.318632185297014,0.318632185297014,0.318632185297014,0.318632185297014,0.318632185297014,0.318632185297014,0.318632185297014,0.318632185297014,0.318632185297014,0.318632185297014,0.318632185297014,0.318632185297014,0.318632185297014,0.318632185297014,0.318632185297014,0.318632185297014,0.318632185297014,0.318632185297014,0.318632185297014,0.318632185297014,0.318632185297014,0.318632185297014,0.318632185297014,0.318632185297014
6 IGCC + CCS,0.318620719797818,0.318620719797818,0.318620719797818,0.318620719797818,0.318620719797818,0.318620719797818,0.318620719797818,0.318620719797818,0.318620719797818,0.318620719797818,0.318620719797818,0.318620719797818,0.318620719797818,0.318620719797818,0.318620719797818,0.318620719797818,0.318620719797818,0.318620719797818,0.318620719797818,0.318620719797818,0.318620719797818,0.318620719797818,0.318620719797818,0.318620719797818,0.318620719797818,0.318620719797818,0.318620719797818,0.318620719797818,0.318620719797818,0.318620719797818,0.318620719797818,0.318620719797818,0.318620719797818,0.318620719797818,0.318620719797818,0.318620719797818,0.318620719797818,0.318620719797818,0.318620719797818,0.318620719797818,0.318620719797818,0.318620719797818,0.318620719797818,0.318620719797818,0.318620719797818,0.318620719797818,0.318620719797818,0.318620719797818,0.318620719797818,0.318620719797818,0.318620719797818,0.318620719797818,0.318620719797818,0.318620719797818,0.318620719797818,0.318620719797818,0.318620719797818,0.318620719797818,0.318620719797818,0.318620719797818,0.318620719797818,0.318620719797818,0.318620719797818,0.318620719797818,0.318620719797818,0.318620719797818,0.318620719797818,0.318620719797818,0.318620719797818,0.318620719797818,0.318620719797818,0.318620719797818,0.318620719797818,0.318620719797818,0.318620719797818,0.318620719797818,0.318620719797818,0.318620719797818,0.318620719797818,0.318620719797818,0.318620719797818,0.318620719797818,0.318620719797818,0.318620719797818,0.318620719797818,0.318620719797818,0.318620719797818,0.318620719797818,0.318620719797818,0.318620719797818,0.318620719797818,0.318620719797818,0.318620719797818,0.318620719797818,0.318620719797818,0.318620719797818,0.318620719797818,0.318620719797818,0.318620719797818,0.318620719797818
7 CCGT,0.510170666277463,0.510170666277463,0.510170666277463,0.510170666277463,0.510170666277463,0.510170666277463,0.510170666277463,0.510170666277463,0.510170666277463,0.510170666277463,0.510170666277463,0.510170666277463,0.510170666277463,0.510170666277463,0.510170666277463,0.510170666277463,0.510170666277463,0.510170666277463,0.510170666277463,0.510170666277463,0.510170666277463,0.510170666277463,0.510170666277463,0.510170666277463,0.510170666277463,0.510170666277463,0.510170666277463,0.510170666277463,0.510170666277463,0.510170666277463,0.510170666277463,0.510170666277463,0.510170666277463,0.510170666277463,0.510170666277463,0.510170666277463,0.510170666277463,0.510170666277463,0.510170666277463,0.510170666277463,0.510170666277463,0.510170666277463,0.510170666277463,0.510170666277463,0.510170666277463,0.510170666277463,0.510170666277463,0.510170666277463,0.510170666277463,0.510170666277463,0.510170666277463,0.510170666277463,0.510170666277463,0.510170666277463,0.510170666277463,0.510170666277463,0.510170666277463,0.510170666277463,0.510170666277463,0.510170666277463,0.510170666277463,0.510170666277463,0.510170666277463,0.510170666277463,0.510170666277463,0.510170666277463,0.510170666277463,0.510170666277463,0.510170666277463,0.510170666277463,0.510170666277463,0.510170666277463,0.510170666277463,0.510170666277463,0.510170666277463,0.510170666277463,0.510170666277463,0.510170666277463,0.510170666277463,0.510170666277463,0.510170666277463,0.510170666277463,0.510170666277463,0.510170666277463,0.510170666277463,0.510170666277463,0.510170666277463,0.510170666277463,0.510170666277463,0.510170666277463,0.510170666277463,0.510170666277463,0.510170666277463,0.510170666277463,0.510170666277463,0.510170666277463,0.510170666277463,0.510170666277463,0.510170666277463,0.510170666277463
8 CCGT + CCS,0.313461367958109,0.313461367958109,0.313461367958109,0.313461367958109,0.313461367958109,0.313461367958109,0.313461367958109,0.313461367958109,0.313461367958109,0.313461367958109,0.313461367958109,0.313461367958109,0.313461367958109,0.313461367958109,0.313461367958109,0.313461367958109,0.313461367958109,0.313461367958109,0.313461367958109,0.313461367958109,0.313461367958109,0.313461367958109,0.313461367958109,0.313461367958109,0.313461367958109,0.313461367958109,0.313461367958109,0.313461367958109,0.313461367958109,0.313461367958109,0.313461367958109,0.313461367958109,0.313461367958109,0.313461367958109,0.313461367958109,0.313461367958109,0.313461367958109,0.313461367958109,0.313461367958109,0.313461367958109,0.313461367958109,0.313461367958109,0.313461367958109,0.313461367958109,0.313461367958109,0.313461367958109,0.313461367958109,0.313461367958109,0.313461367958109,0.313461367958109,0.313461367958109,0.313461367958109,0.313461367958109,0.313461367958109,0.313461367958109,0.313461367958109,0.313461367958109,0.313461367958109,0.313461367958109,0.313461367958109,0.313461367958109,0.313461367958109,0.313461367958109,0.313461367958109,0.313461367958109,0.313461367958109,0.313461367958109,0.313461367958109,0.313461367958109,0.313461367958109,0.313461367958109,0.313461367958109,0.313461367958109,0.313461367958109,0.313461367958109,0.313461367958109,0.313461367958109,0.313461367958109,0.313461367958109,0.313461367958109,0.313461367958109,0.313461367958109,0.313461367958109,0.313461367958109,0.313461367958109,0.313461367958109,0.313461367958109,0.313461367958109,0.313461367958109,0.313461367958109,0.313461367958109,0.313461367958109,0.313461367958109,0.313461367958109,0.313461367958109,0.313461367958109,0.313461367958109,0.313461367958109,0.313461367958109,0.313461367958109
9 Solid Biomass,0.777586179857871,0.777586179857871,0.777586179857871,0.777586179857871,0.777586179857871,0.777586179857871,0.777586179857871,0.777586179857871,0.777586179857871,0.777586179857871,0.777586179857871,0.777586179857871,0.777586179857871,0.777586179857871,0.777586179857871,0.777586179857871,0.777586179857871,0.777586179857871,0.777586179857871,0.777586179857871,0.777586179857871,0.777586179857871,0.777586179857871,0.777586179857871,0.777586179857871,0.777586179857871,0.777586179857871,0.777586179857871,0.777586179857871,0.777586179857871,0.777586179857871,0.777586179857871,0.777586179857871,0.777586179857871,0.777586179857871,0.777586179857871,0.777586179857871,0.777586179857871,0.777586179857871,0.777586179857871,0.777586179857871,0.777586179857871,0.777586179857871,0.777586179857871,0.777586179857871,0.777586179857871,0.777586179857871,0.777586179857871,0.777586179857871,0.777586179857871,0.777586179857871,0.777586179857871,0.777586179857871,0.777586179857871,0.777586179857871,0.777586179857871,0.777586179857871,0.777586179857871,0.777586179857871,0.777586179857871,0.777586179857871,0.777586179857871,0.777586179857871,0.777586179857871,0.777586179857871,0.777586179857871,0.777586179857871,0.777586179857871,0.777586179857871,0.777586179857871,0.777586179857871,0.777586179857871,0.777586179857871,0.777586179857871,0.777586179857871,0.777586179857871,0.777586179857871,0.777586179857871,0.777586179857871,0.777586179857871,0.777586179857871,0.777586179857871,0.777586179857871,0.777586179857871,0.777586179857871,0.777586179857871,0.777586179857871,0.777586179857871,0.777586179857871,0.777586179857871,0.777586179857871,0.777586179857871,0.777586179857871,0.777586179857871,0.777586179857871,0.777586179857871,0.777586179857871,0.777586179857871,0.777586179857871,0.777586179857871
10 S Biomass CCS,0.753261101177699,0.753261101177699,0.753261101177699,0.753261101177699,0.753261101177699,0.753261101177699,0.753261101177699,0.753261101177699,0.753261101177699,0.753261101177699,0.753261101177699,0.753261101177699,0.753261101177699,0.753261101177699,0.753261101177699,0.753261101177699,0.753261101177699,0.753261101177699,0.753261101177699,0.753261101177699,0.753261101177699,0.753261101177699,0.753261101177699,0.753261101177699,0.753261101177699,0.753261101177699,0.753261101177699,0.753261101177699,0.753261101177699,0.753261101177699,0.753261101177699,0.753261101177699,0.753261101177699,0.753261101177699,0.753261101177699,0.753261101177699,0.753261101177699,0.753261101177699,0.753261101177699,0.753261101177699,0.753261101177699,0.753261101177699,0.753261101177699,0.753261101177699,0.753261101177699,0.753261101177699,0.753261101177699,0.753261101177699,0.753261101177699,0.753261101177699,0.753261101177699,0.753261101177699,0.753261101177699,0.753261101177699,0.753261101177699,0.753261101177699,0.753261101177699,0.753261101177699,0.753261101177699,0.753261101177699,0.753261101177699,0.753261101177699,0.753261101177699,0.753261101177699,0.753261101177699,0.753261101177699,0.753261101177699,0.753261101177699,0.753261101177699,0.753261101177699,0.753261101177699,0.753261101177699,0.753261101177699,0.753261101177699,0.753261101177699,0.753261101177699,0.753261101177699,0.753261101177699,0.753261101177699,0.753261101177699,0.753261101177699,0.753261101177699,0.753261101177699,0.753261101177699,0.753261101177699,0.753261101177699,0.753261101177699,0.753261101177699,0.753261101177699,0.753261101177699,0.753261101177699,0.753261101177699,0.753261101177699,0.753261101177699,0.753261101177699,0.753261101177699,0.753261101177699,0.753261101177699,0.753261101177699,0.753261101177699
11 BIGCC,0.416113109510738,0.416113109510738,0.416113109510738,0.416113109510738,0.416113109510738,0.416113109510738,0.416113109510738,0.416113109510738,0.416113109510738,0.416113109510738,0.416113109510738,0.416113109510738,0.416113109510738,0.416113109510738,0.416113109510738,0.416113109510738,0.416113109510738,0.416113109510738,0.416113109510738,0.416113109510738,0.416113109510738,0.416113109510738,0.416113109510738,0.416113109510738,0.416113109510738,0.416113109510738,0.416113109510738,0.416113109510738,0.416113109510738,0.416113109510738,0.416113109510738,0.416113109510738,0.416113109510738,0.416113109510738,0.416113109510738,0.416113109510738,0.416113109510738,0.416113109510738,0.416113109510738,0.416113109510738,0.416113109510738,0.416113109510738,0.416113109510738,0.416113109510738,0.416113109510738,0.416113109510738,0.416113109510738,0.416113109510738,0.416113109510738,0.416113109510738,0.416113109510738,0.416113109510738,0.416113109510738,0.416113109510738,0.416113109510738,0.416113109510738,0.416113109510738,0.416113109510738,0.416113109510738,0.416113109510738,0.416113109510738,0.416113109510738,0.416113109510738,0.416113109510738,0.416113109510738,0.416113109510738,0.416113109510738,0.416113109510738,0.416113109510738,0.416113109510738,0.416113109510738,0.416113109510738,0.416113109510738,0.416113109510738,0.416113109510738,0.416113109510738,0.416113109510738,0.416113109510738,0.416113109510738,0.416113109510738,0.416113109510738,0.416113109510738,0.416113109510738,0.416113109510738,0.416113109510738,0.416113109510738,0.416113109510738,0.416113109510738,0.416113109510738,0.416113109510738,0.416113109510738,0.416113109510738,0.416113109510738,0.416113109510738,0.416113109510738,0.416113109510738,0.416113109510738,0.416113109510738,0.416113109510738,0.416113109510738
12 BIGCC + CCS,0.41609736410076,0.41609736410076,0.41609736410076,0.41609736410076,0.41609736410076,0.41609736410076,0.41609736410076,0.41609736410076,0.41609736410076,0.41609736410076,0.41609736410076,0.41609736410076,0.41609736410076,0.41609736410076,0.41609736410076,0.41609736410076,0.41609736410076,0.41609736410076,0.41609736410076,0.41609736410076,0.41609736410076,0.41609736410076,0.41609736410076,0.41609736410076,0.41609736410076,0.41609736410076,0.41609736410076,0.41609736410076,0.41609736410076,0.41609736410076,0.41609736410076,0.41609736410076,0.41609736410076,0.41609736410076,0.41609736410076,0.41609736410076,0.41609736410076,0.41609736410076,0.41609736410076,0.41609736410076,0.41609736410076,0.41609736410076,0.41609736410076,0.41609736410076,0.41609736410076,0.41609736410076,0.41609736410076,0.41609736410076,0.41609736410076,0.41609736410076,0.41609736410076,0.41609736410076,0.41609736410076,0.41609736410076,0.41609736410076,0.41609736410076,0.41609736410076,0.41609736410076,0.41609736410076,0.41609736410076,0.41609736410076,0.41609736410076,0.41609736410076,0.41609736410076,0.41609736410076,0.41609736410076,0.41609736410076,0.41609736410076,0.41609736410076,0.41609736410076,0.41609736410076,0.41609736410076,0.41609736410076,0.41609736410076,0.41609736410076,0.41609736410076,0.41609736410076,0.41609736410076,0.41609736410076,0.41609736410076,0.41609736410076,0.41609736410076,0.41609736410076,0.41609736410076,0.41609736410076,0.41609736410076,0.41609736410076,0.41609736410076,0.41609736410076,0.41609736410076,0.41609736410076,0.41609736410076,0.41609736410076,0.41609736410076,0.41609736410076,0.41609736410076,0.41609736410076,0.41609736410076,0.41609736410076,0.41609736410076
13 Biogas,0.315801373159438,0.315801373159438,0.315801373159438,0.315801373159438,0.315801373159438,0.315801373159438,0.315801373159438,0.315801373159438,0.315801373159438,0.315801373159438,0.315801373159438,0.315801373159438,0.315801373159438,0.315801373159438,0.315801373159438,0.315801373159438,0.315801373159438,0.315801373159438,0.315801373159438,0.315801373159438,0.315801373159438,0.315801373159438,0.315801373159438,0.315801373159438,0.315801373159438,0.315801373159438,0.315801373159438,0.315801373159438,0.315801373159438,0.315801373159438,0.315801373159438,0.315801373159438,0.315801373159438,0.315801373159438,0.315801373159438,0.315801373159438,0.315801373159438,0.315801373159438,0.315801373159438,0.315801373159438,0.315801373159438,0.315801373159438,0.315801373159438,0.315801373159438,0.315801373159438,0.315801373159438,0.315801373159438,0.315801373159438,0.315801373159438,0.315801373159438,0.315801373159438,0.315801373159438,0.315801373159438,0.315801373159438,0.315801373159438,0.315801373159438,0.315801373159438,0.315801373159438,0.315801373159438,0.315801373159438,0.315801373159438,0.315801373159438,0.315801373159438,0.315801373159438,0.315801373159438,0.315801373159438,0.315801373159438,0.315801373159438,0.315801373159438,0.315801373159438,0.315801373159438,0.315801373159438,0.315801373159438,0.315801373159438,0.315801373159438,0.315801373159438,0.315801373159438,0.315801373159438,0.315801373159438,0.315801373159438,0.315801373159438,0.315801373159438,0.315801373159438,0.315801373159438,0.315801373159438,0.315801373159438,0.315801373159438,0.315801373159438,0.315801373159438,0.315801373159438,0.315801373159438,0.315801373159438,0.315801373159438,0.315801373159438,0.315801373159438,0.315801373159438,0.315801373159438,0.315801373159438,0.315801373159438,0.315801373159438
14 Biogas + CCS,0.216727898409202,0.216727898409202,0.216727898409202,0.216727898409202,0.216727898409202,0.216727898409202,0.216727898409202,0.216727898409202,0.216727898409202,0.216727898409202,0.216727898409202,0.216727898409202,0.216727898409202,0.216727898409202,0.216727898409202,0.216727898409202,0.216727898409202,0.216727898409202,0.216727898409202,0.216727898409202,0.216727898409202,0.216727898409202,0.216727898409202,0.216727898409202,0.216727898409202,0.216727898409202,0.216727898409202,0.216727898409202,0.216727898409202,0.216727898409202,0.216727898409202,0.216727898409202,0.216727898409202,0.216727898409202,0.216727898409202,0.216727898409202,0.216727898409202,0.216727898409202,0.216727898409202,0.216727898409202,0.216727898409202,0.216727898409202,0.216727898409202,0.216727898409202,0.216727898409202,0.216727898409202,0.216727898409202,0.216727898409202,0.216727898409202,0.216727898409202,0.216727898409202,0.216727898409202,0.216727898409202,0.216727898409202,0.216727898409202,0.216727898409202,0.216727898409202,0.216727898409202,0.216727898409202,0.216727898409202,0.216727898409202,0.216727898409202,0.216727898409202,0.216727898409202,0.216727898409202,0.216727898409202,0.216727898409202,0.216727898409202,0.216727898409202,0.216727898409202,0.216727898409202,0.216727898409202,0.216727898409202,0.216727898409202,0.216727898409202,0.216727898409202,0.216727898409202,0.216727898409202,0.216727898409202,0.216727898409202,0.216727898409202,0.216727898409202,0.216727898409202,0.216727898409202,0.216727898409202,0.216727898409202,0.216727898409202,0.216727898409202,0.216727898409202,0.216727898409202,0.216727898409202,0.216727898409202,0.216727898409202,0.216727898409202,0.216727898409202,0.216727898409202,0.216727898409202,0.216727898409202,0.216727898409202,0.216727898409202
15 Tidal,0.107025253111554,0.107025253111554,0.107025253111554,0.107025253111554,0.107025253111554,0.107025253111554,0.107025253111554,0.107025253111554,0.107025253111554,0.107025253111554,0.107025253111554,0.107025253111554,0.107025253111554,0.107025253111554,0.107025253111554,0.107025253111554,0.107025253111554,0.107025253111554,0.107025253111554,0.107025253111554,0.107025253111554,0.107025253111554,0.107025253111554,0.107025253111554,0.107025253111554,0.107025253111554,0.107025253111554,0.107025253111554,0.107025253111554,0.107025253111554,0.107025253111554,0.107025253111554,0.107025253111554,0.107025253111554,0.107025253111554,0.107025253111554,0.107025253111554,0.107025253111554,0.107025253111554,0.107025253111554,0.107025253111554,0.107025253111554,0.107025253111554,0.107025253111554,0.107025253111554,0.107025253111554,0.107025253111554,0.107025253111554,0.107025253111554,0.107025253111554,0.107025253111554,0.107025253111554,0.107025253111554,0.107025253111554,0.107025253111554,0.107025253111554,0.107025253111554,0.107025253111554,0.107025253111554,0.107025253111554,0.107025253111554,0.107025253111554,0.107025253111554,0.107025253111554,0.107025253111554,0.107025253111554,0.107025253111554,0.107025253111554,0.107025253111554,0.107025253111554,0.107025253111554,0.107025253111554,0.107025253111554,0.107025253111554,0.107025253111554,0.107025253111554,0.107025253111554,0.107025253111554,0.107025253111554,0.107025253111554,0.107025253111554,0.107025253111554,0.107025253111554,0.107025253111554,0.107025253111554,0.107025253111554,0.107025253111554,0.107025253111554,0.107025253111554,0.107025253111554,0.107025253111554,0.107025253111554,0.107025253111554,0.107025253111554,0.107025253111554,0.107025253111554,0.107025253111554,0.107025253111554,0.107025253111554,0.107025253111554
16 Large Hydro,0.302080291011125,0.302080291011125,0.302080291011125,0.302080291011125,0.302080291011125,0.302080291011125,0.302080291011125,0.302080291011125,0.302080291011125,0.302080291011125,0.302080291011125,0.302080291011125,0.302080291011125,0.302080291011125,0.302080291011125,0.302080291011125,0.302080291011125,0.302080291011125,0.302080291011125,0.302080291011125,0.302080291011125,0.302080291011125,0.302080291011125,0.302080291011125,0.302080291011125,0.302080291011125,0.302080291011125,0.302080291011125,0.302080291011125,0.302080291011125,0.302080291011125,0.302080291011125,0.302080291011125,0.302080291011125,0.302080291011125,0.302080291011125,0.302080291011125,0.302080291011125,0.302080291011125,0.302080291011125,0.302080291011125,0.302080291011125,0.302080291011125,0.302080291011125,0.302080291011125,0.302080291011125,0.302080291011125,0.302080291011125,0.302080291011125,0.302080291011125,0.302080291011125,0.302080291011125,0.302080291011125,0.302080291011125,0.302080291011125,0.302080291011125,0.302080291011125,0.302080291011125,0.302080291011125,0.302080291011125,0.302080291011125,0.302080291011125,0.302080291011125,0.302080291011125,0.302080291011125,0.302080291011125,0.302080291011125,0.302080291011125,0.302080291011125,0.302080291011125,0.302080291011125,0.302080291011125,0.302080291011125,0.302080291011125,0.302080291011125,0.302080291011125,0.302080291011125,0.302080291011125,0.302080291011125,0.302080291011125,0.302080291011125,0.302080291011125,0.302080291011125,0.302080291011125,0.302080291011125,0.302080291011125,0.302080291011125,0.302080291011125,0.302080291011125,0.302080291011125,0.302080291011125,0.302080291011125,0.302080291011125,0.302080291011125,0.302080291011125,0.302080291011125,0.302080291011125,0.302080291011125,0.302080291011125,0.302080291011125
17 Onshore,0.4809117170499357,0.4809117170499357,0.4809117170499357,0.4809117170499357,0.4809117170499357,0.4809117170499357,0.4809117170499357,0.4809117170499357,0.4809117170499357,0.4809117170499357,0.4809117170499357,0.4809117170499357,0.4809117170499357,0.4809117170499357,0.4809117170499357,0.4809117170499357,0.4809117170499357,0.4809117170499357,0.4809117170499357,0.4809117170499357,0.4809117170499357,0.4809117170499357,0.4809117170499357,0.4809117170499357,0.4809117170499357,0.4809117170499357,0.4809117170499357,0.4809117170499357,0.4809117170499357,0.4809117170499357,0.4809117170499357,0.4809117170499357,0.4809117170499357,0.4809117170499357,0.4809117170499357,0.4809117170499357,0.4809117170499357,0.4809117170499357,0.4809117170499357,0.4809117170499357,0.4809117170499357,0.4809117170499357,0.4809117170499357,0.4809117170499357,0.4809117170499357,0.4809117170499357,0.4809117170499357,0.4809117170499357,0.4809117170499357,0.4809117170499357,0.4809117170499357,0.4809117170499357,0.4809117170499357,0.4809117170499357,0.4809117170499357,0.4809117170499357,0.4809117170499357,0.4809117170499357,0.4809117170499357,0.4809117170499357,0.4809117170499357,0.4809117170499357,0.4809117170499357,0.4809117170499357,0.4809117170499357,0.4809117170499357,0.4809117170499357,0.4809117170499357,0.4809117170499357,0.4809117170499357,0.4809117170499357,0.4809117170499357,0.4809117170499357,0.4809117170499357,0.4809117170499357,0.4809117170499357,0.4809117170499357,0.4809117170499357,0.4809117170499357,0.4809117170499357,0.4809117170499357,0.4809117170499357,0.4809117170499357,0.4809117170499357,0.4809117170499357,0.4809117170499357,0.4809117170499357,0.4809117170499357,0.4809117170499357,0.4809117170499357,0.4809117170499357,0.4809117170499357,0.4809117170499357,0.4809117170499357,0.4809117170499357,0.4809117170499357,0.4809117170499357,0.4809117170499357,0.4809117170499357,0.4809117170499357
18 Offshore,0.3499987750217874,0.3499987750217874,0.3499987750217874,0.3499987750217874,0.3499987750217874,0.3499987750217874,0.3499987750217874,0.3499987750217874,0.3499987750217874,0.3499987750217874,0.3499987750217874,0.3499987750217874,0.3499987750217874,0.3499987750217874,0.3499987750217874,0.3499987750217874,0.3499987750217874,0.3499987750217874,0.3499987750217874,0.3499987750217874,0.3499987750217874,0.3499987750217874,0.3499987750217874,0.3499987750217874,0.3499987750217874,0.3499987750217874,0.3499987750217874,0.3499987750217874,0.3499987750217874,0.3499987750217874,0.3499987750217874,0.3499987750217874,0.3499987750217874,0.3499987750217874,0.3499987750217874,0.3499987750217874,0.3499987750217874,0.3499987750217874,0.3499987750217874,0.3499987750217874,0.3499987750217874,0.3499987750217874,0.3499987750217874,0.3499987750217874,0.3499987750217874,0.3499987750217874,0.3499987750217874,0.3499987750217874,0.3499987750217874,0.3499987750217874,0.3499987750217874,0.3499987750217874,0.3499987750217874,0.3499987750217874,0.3499987750217874,0.3499987750217874,0.3499987750217874,0.3499987750217874,0.3499987750217874,0.3499987750217874,0.3499987750217874,0.3499987750217874,0.3499987750217874,0.3499987750217874,0.3499987750217874,0.3499987750217874,0.3499987750217874,0.3499987750217874,0.3499987750217874,0.3499987750217874,0.3499987750217874,0.3499987750217874,0.3499987750217874,0.3499987750217874,0.3499987750217874,0.3499987750217874,0.3499987750217874,0.3499987750217874,0.3499987750217874,0.3499987750217874,0.3499987750217874,0.3499987750217874,0.3499987750217874,0.3499987750217874,0.3499987750217874,0.3499987750217874,0.3499987750217874,0.3499987750217874,0.3499987750217874,0.3499987750217874,0.3499987750217874,0.3499987750217874,0.3499987750217874,0.3499987750217874,0.3499987750217874,0.3499987750217874,0.3499987750217874,0.3499987750217874,0.3499987750217874,0.3499987750217874
19 Solar PV,0.1599997440004096,0.1599997440004096,0.1599997440004096,0.1599997440004096,0.1599997440004096,0.1599997440004096,0.1599997440004096,0.1599997440004096,0.1599997440004096,0.1599997440004096,0.1599997440004096,0.1599997440004096,0.1599997440004096,0.1599997440004096,0.1599997440004096,0.1599997440004096,0.1599997440004096,0.1599997440004096,0.1599997440004096,0.1599997440004096,0.1599997440004096,0.1599997440004096,0.1599997440004096,0.1599997440004096,0.1599997440004096,0.1599997440004096,0.1599997440004096,0.1599997440004096,0.1599997440004096,0.1599997440004096,0.1599997440004096,0.1599997440004096,0.1599997440004096,0.1599997440004096,0.1599997440004096,0.1599997440004096,0.1599997440004096,0.1599997440004096,0.1599997440004096,0.1599997440004096,0.1599997440004096,0.1599997440004096,0.1599997440004096,0.1599997440004096,0.1599997440004096,0.1599997440004096,0.1599997440004096,0.1599997440004096,0.1599997440004096,0.1599997440004096,0.1599997440004096,0.1599997440004096,0.1599997440004096,0.1599997440004096,0.1599997440004096,0.1599997440004096,0.1599997440004096,0.1599997440004096,0.1599997440004096,0.1599997440004096,0.1599997440004096,0.1599997440004096,0.1599997440004096,0.1599997440004096,0.1599997440004096,0.1599997440004096,0.1599997440004096,0.1599997440004096,0.1599997440004096,0.1599997440004096,0.1599997440004096,0.1599997440004096,0.1599997440004096,0.1599997440004096,0.1599997440004096,0.1599997440004096,0.1599997440004096,0.1599997440004096,0.1599997440004096,0.1599997440004096,0.1599997440004096,0.1599997440004096,0.1599997440004096,0.1599997440004096,0.1599997440004096,0.1599997440004096,0.1599997440004096,0.1599997440004096,0.1599997440004096,0.1599997440004096,0.1599997440004096,0.1599997440004096,0.1599997440004096,0.1599997440004096,0.1599997440004096,0.1599997440004096,0.1599997440004096,0.1599997440004096,0.1599997440004096,0.1599997440004096
20 CSP,0.739714219799585,0.739714219799585,0.739714219799585,0.739714219799585,0.739714219799585,0.739714219799585,0.739714219799585,0.739714219799585,0.739714219799585,0.739714219799585,0.739714219799585,0.739714219799585,0.739714219799585,0.739714219799585,0.739714219799585,0.739714219799585,0.739714219799585,0.739714219799585,0.739714219799585,0.739714219799585,0.739714219799585,0.739714219799585,0.739714219799585,0.739714219799585,0.739714219799585,0.739714219799585,0.739714219799585,0.739714219799585,0.739714219799585,0.739714219799585,0.739714219799585,0.739714219799585,0.739714219799585,0.739714219799585,0.739714219799585,0.739714219799585,0.739714219799585,0.739714219799585,0.739714219799585,0.739714219799585,0.739714219799585,0.739714219799585,0.739714219799585,0.739714219799585,0.739714219799585,0.739714219799585,0.739714219799585,0.739714219799585,0.739714219799585,0.739714219799585,0.739714219799585,0.739714219799585,0.739714219799585,0.739714219799585,0.739714219799585,0.739714219799585,0.739714219799585,0.739714219799585,0.739714219799585,0.739714219799585,0.739714219799585,0.739714219799585,0.739714219799585,0.739714219799585,0.739714219799585,0.739714219799585,0.739714219799585,0.739714219799585,0.739714219799585,0.739714219799585,0.739714219799585,0.739714219799585,0.739714219799585,0.739714219799585,0.739714219799585,0.739714219799585,0.739714219799585,0.739714219799585,0.739714219799585,0.739714219799585,0.739714219799585,0.739714219799585,0.739714219799585,0.739714219799585,0.739714219799585,0.739714219799585,0.739714219799585,0.739714219799585,0.739714219799585,0.739714219799585,0.739714219799585,0.739714219799585,0.739714219799585,0.739714219799585,0.739714219799585,0.739714219799585,0.739714219799585,0.739714219799585,0.739714219799585,0.739714219799585
21 Geothermal,0.855578370978781,0.855578370978781,0.855578370978781,0.855578370978781,0.855578370978781,0.855578370978781,0.855578370978781,0.855578370978781,0.855578370978781,0.855578370978781,0.855578370978781,0.855578370978781,0.855578370978781,0.855578370978781,0.855578370978781,0.855578370978781,0.855578370978781,0.855578370978781,0.855578370978781,0.855578370978781,0.855578370978781,0.855578370978781,0.855578370978781,0.855578370978781,0.855578370978781,0.855578370978781,0.855578370978781,0.855578370978781,0.855578370978781,0.855578370978781,0.855578370978781,0.855578370978781,0.855578370978781,0.855578370978781,0.855578370978781,0.855578370978781,0.855578370978781,0.855578370978781,0.855578370978781,0.855578370978781,0.855578370978781,0.855578370978781,0.855578370978781,0.855578370978781,0.855578370978781,0.855578370978781,0.855578370978781,0.855578370978781,0.855578370978781,0.855578370978781,0.855578370978781,0.855578370978781,0.855578370978781,0.855578370978781,0.855578370978781,0.855578370978781,0.855578370978781,0.855578370978781,0.855578370978781,0.855578370978781,0.855578370978781,0.855578370978781,0.855578370978781,0.855578370978781,0.855578370978781,0.855578370978781,0.855578370978781,0.855578370978781,0.855578370978781,0.855578370978781,0.855578370978781,0.855578370978781,0.855578370978781,0.855578370978781,0.855578370978781,0.855578370978781,0.855578370978781,0.855578370978781,0.855578370978781,0.855578370978781,0.855578370978781,0.855578370978781,0.855578370978781,0.855578370978781,0.855578370978781,0.855578370978781,0.855578370978781,0.855578370978781,0.855578370978781,0.855578370978781,0.855578370978781,0.855578370978781,0.855578370978781,0.855578370978781,0.855578370978781,0.855578370978781,0.855578370978781,0.855578370978781,0.855578370978781,0.855578370978781
22 Wave,0.238952737250223,0.238952737250223,0.238952737250223,0.238952737250223,0.238952737250223,0.238952737250223,0.238952737250223,0.238952737250223,0.238952737250223,0.238952737250223,0.238952737250223,0.238952737250223,0.238952737250223,0.238952737250223,0.238952737250223,0.238952737250223,0.238952737250223,0.238952737250223,0.238952737250223,0.238952737250223,0.238952737250223,0.238952737250223,0.238952737250223,0.238952737250223,0.238952737250223,0.238952737250223,0.238952737250223,0.238952737250223,0.238952737250223,0.238952737250223,0.238952737250223,0.238952737250223,0.238952737250223,0.238952737250223,0.238952737250223,0.238952737250223,0.238952737250223,0.238952737250223,0.238952737250223,0.238952737250223,0.238952737250223,0.238952737250223,0.238952737250223,0.238952737250223,0.238952737250223,0.238952737250223,0.238952737250223,0.238952737250223,0.238952737250223,0.238952737250223,0.238952737250223,0.238952737250223,0.238952737250223,0.238952737250223,0.238952737250223,0.238952737250223,0.238952737250223,0.238952737250223,0.238952737250223,0.238952737250223,0.238952737250223,0.238952737250223,0.238952737250223,0.238952737250223,0.238952737250223,0.238952737250223,0.238952737250223,0.238952737250223,0.238952737250223,0.238952737250223,0.238952737250223,0.238952737250223,0.238952737250223,0.238952737250223,0.238952737250223,0.238952737250223,0.238952737250223,0.238952737250223,0.238952737250223,0.238952737250223,0.238952737250223,0.238952737250223,0.238952737250223,0.238952737250223,0.238952737250223,0.238952737250223,0.238952737250223,0.238952737250223,0.238952737250223,0.238952737250223,0.238952737250223,0.238952737250223,0.238952737250223,0.238952737250223,0.238952737250223,0.238952737250223,0.238952737250223,0.238952737250223,0.238952737250223,0.238952737250223
23 Fuel Cells,0.855578370978781,0.855578370978781,0.855578370978781,0.855578370978781,0.855578370978781,0.855578370978781,0.855578370978781,0.855578370978781,0.855578370978781,0.855578370978781,0.855578370978781,0.855578370978781,0.855578370978781,0.855578370978781,0.855578370978781,0.855578370978781,0.855578370978781,0.855578370978781,0.855578370978781,0.855578370978781,0.855578370978781,0.855578370978781,0.855578370978781,0.855578370978781,0.855578370978781,0.855578370978781,0.855578370978781,0.855578370978781,0.855578370978781,0.855578370978781,0.855578370978781,0.855578370978781,0.855578370978781,0.855578370978781,0.855578370978781,0.855578370978781,0.855578370978781,0.855578370978781,0.855578370978781,0.855578370978781,0.855578370978781,0.855578370978781,0.855578370978781,0.855578370978781,0.855578370978781,0.855578370978781,0.855578370978781,0.855578370978781,0.855578370978781,0.855578370978781,0.855578370978781,0.855578370978781,0.855578370978781,0.855578370978781,0.855578370978781,0.855578370978781,0.855578370978781,0.855578370978781,0.855578370978781,0.855578370978781,0.855578370978781,0.855578370978781,0.855578370978781,0.855578370978781,0.855578370978781,0.855578370978781,0.855578370978781,0.855578370978781,0.855578370978781,0.855578370978781,0.855578370978781,0.855578370978781,0.855578370978781,0.855578370978781,0.855578370978781,0.855578370978781,0.855578370978781,0.855578370978781,0.855578370978781,0.855578370978781,0.855578370978781,0.855578370978781,0.855578370978781,0.855578370978781,0.855578370978781,0.855578370978781,0.855578370978781,0.855578370978781,0.855578370978781,0.855578370978781,0.855578370978781,0.855578370978781,0.855578370978781,0.855578370978781,0.855578370978781,0.855578370978781,0.855578370978781,0.855578370978781,0.855578370978781,0.855578370978781
24 CHP,0.771880116865287,0.771880116865287,0.771880116865287,0.771880116865287,0.771880116865287,0.771880116865287,0.771880116865287,0.771880116865287,0.771880116865287,0.771880116865287,0.771880116865287,0.771880116865287,0.771880116865287,0.771880116865287,0.771880116865287,0.771880116865287,0.771880116865287,0.771880116865287,0.771880116865287,0.771880116865287,0.771880116865287,0.771880116865287,0.771880116865287,0.771880116865287,0.771880116865287,0.771880116865287,0.771880116865287,0.771880116865287,0.771880116865287,0.771880116865287,0.771880116865287,0.771880116865287,0.771880116865287,0.771880116865287,0.771880116865287,0.771880116865287,0.771880116865287,0.771880116865287,0.771880116865287,0.771880116865287,0.771880116865287,0.771880116865287,0.771880116865287,0.771880116865287,0.771880116865287,0.771880116865287,0.771880116865287,0.771880116865287,0.771880116865287,0.771880116865287,0.771880116865287,0.771880116865287,0.771880116865287,0.771880116865287,0.771880116865287,0.771880116865287,0.771880116865287,0.771880116865287,0.771880116865287,0.771880116865287,0.771880116865287,0.771880116865287,0.771880116865287,0.771880116865287,0.771880116865287,0.771880116865287,0.771880116865287,0.771880116865287,0.771880116865287,0.771880116865287,0.771880116865287,0.771880116865287,0.771880116865287,0.771880116865287,0.771880116865287,0.771880116865287,0.771880116865287,0.771880116865287,0.771880116865287,0.771880116865287,0.771880116865287,0.771880116865287,0.771880116865287,0.771880116865287,0.771880116865287,0.771880116865287,0.771880116865287,0.771880116865287,0.771880116865287,0.771880116865287,0.771880116865287,0.771880116865287,0.771880116865287,0.771880116865287,0.771880116865287,0.771880116865287,0.771880116865287,0.771880116865287,0.771880116865287,0.771880116865287
